0.5 0.525972 0.728417 0.266314 0.783484 0.468044 0.196997 0.447177 0.72844 0.966093 0.756841 0.466057 0.868966 0.134039 0.846053 1 
0.5 0.362558 0.41368 0.586057 0.300262 0.0797672 0.674286 0.0182009 0.295499 0.856161 0.184951 0.320867 0.2567 0.289677 0.498056 1 
0.5 0.199144 0.0989435 0.9058 0.81704 0.69149 0.151575 0.589225 0.862559 0.746229 0.613062 0.175677 0.644434 0.445314 0.150059 1 
0.5 0.0357296 0.784207 0.225542 0.333819 0.303213 0.628865 0.160249 0.429618 0.636297 0.0411724 0.0304868 0.0321681 0.600952 0.802062 1 
0.5 0.872316 0.46947 0.545285 0.850597 0.914936 0.106154 0.731273 0.996677 0.526365 0.469283 0.885297 0.419902 0.75659 0.454065 1 
0.5 0.708901 0.154734 0.865028 0.367375 0.526659 0.583443 0.302296 0.563737 0.416433 0.897394 0.740107 0.807636 0.912227 0.106069 1 
0.5 0.545487 0.839997 0.184771 0.884153 0.138382 0.0607317 0.87332 0.130796 0.306501 0.325504 0.594917 0.19537 0.0678647 0.758072 1 
0.5 0.382073 0.525261 0.504513 0.400931 0.750105 0.538021 0.444344 0.697855 0.196569 0.753615 0.449727 0.583104 0.223502 0.410075 1 
0.5 0.218659 0.210524 0.824256 0.91771 0.361828 0.0153098 0.0153681 0.264915 0.0866368 0.181725 0.304537 0.970838 0.37914 0.0620781 1 
0.5 0.0552449 0.895787 0.143999 0.434488 0.973551 0.492599 0.586392 0.831974 0.976705 0.609836 0.159347 0.358571 0.534777 0.714081 1 
0.5 0.891831 0.581051 0.463741 0.951266 0.585274 0.969888 0.157416 0.399034 0.866773 0.0379463 0.0141565 0.746305 0.690415 0.366084 1 
0.5 0.728417 0.266314 0.783484 0.468044 0.196997 0.447177 0.72844 0.966093 0.756841 0.466057 0.868966 0.134039 0.846053 0.0180877 1 
0.5 0.565003 0.951578 0.103227 0.984822 0.80872 0.924466 0.299464 0.533152 0.646909 0.894167 0.723776 0.521773 0.00169016 0.670091 1 
0.5 0.401588 0.636841 0.422969 0.501601 0.420443 0.401755 0.870488 0.100212 0.536977 0.322278 0.578586 0.909507 0.157328 0.322094 1 
0.5 0.238174 0.322105 0.742712 0.0183788 0.0321664 0.879044 0.441511 0.667271 0.427045 0.750389 0.433396 0.297241 0.312965 0.974097 1 
0.5 0.0747603 0.00736796 0.0624548 0.535157 0.643889 0.356333 0.0125353 0.234331 0.317113 0.178499 0.288206 0.684975 0.468603 0.6261 1 
0.5 0.911346 0.692631 0.382198 0.0519352 0.255612 0.833622 0.583559 0.80139 0.207181 0.60661 0.143016 0.0727087 0.62424 0.278104 1 
0.5 0.747932 0.377895 0.70194 0.568713 0.867335 0.310911 0.154583 0.368449 0.0972487 0.0347202 0.997826 0.460443 0.779878 0.930107 1 
0.5 0.584518 0.0631582 0.0216829 0.0854916 0.479058 0.7882 0.725607 0.935509 0.987317 0.462831 0.852636 0.848176 0.935516 0.58211 1 
0.5 0.421104 0.748422 0.341426 0.60227 0.0907815 0.265489 0.296631 0.502568 0.877385 0.890941 0.707446 0.23591 0.0911532 0.234113 1 
0.5 0.25769 0.433685 0.661168 0.119048 0.702505 0.742778 0.867655 0.0696275 0.767453 0.319052 0.562256 0.623644 0.246791 0.886116 1 
0.5 0.0942756 0.118948 0.980911 0.635826 0.314228 0.220068 0.438679 0.636687 0.657521 0.747162 0.417066 0.0113782 0.402428 0.53812 1 
0.5 0.930861 0.804212 0.300654 0.152604 0.925951 0.697357 0.00970259 0.203746 0.547589 0.175273 0.271876 0.399112 0.558066 0.190123 1 
0.5 0.767447 0.489475 0.620396 0.669383 0.537674 0.174646 0.580727 0.770806 0.437657 0.603384 0.126686 0.786846 0.713703 0.842126 1 
0.5 0.604033 0.174739 0.940139 0.186161 0.149397 0.651935 0.15175 0.337865 0.327725 0.0314941 0.981496 0.17458 0.869341 0.494129 1 
0.5 0.440619 0.860002 0.259882 0.702939 0.76112 0.129224 0.722774 0.904924 0.217792 0.459605 0.836306 0.562314 0.0249786 0.146132 1 
0.5 0.277205 0.545266 0.579625 0.219717 0.372843 0.606513 0.293798 0.471984 0.10786 0.887715 0.691116 0.950048 0.180616 0.798136 1 
0.5 0.113791 0.230529 0.899367 0.736495 0.984566 0.0838019 0.864822 0.0390431 0.997928 0.315826 0.545926 0.337782 0.336254 0.450139 1 
0.5 0.950377 0.915792 0.21911 0.253274 0.596289 0.561091 0.435846 0.606103 0.887996 0.743936 0.400736 0.725515 0.491891 0.102142 1 
0.5 0.786963 0.601056 0.538853 0.770052 0.208012 0.03838 0.00686983 0.173162 0.778064 0.172047 0.255546 0.113249 0.647529 0.754145 1 
0.5 0.623549 0.286319 0.858595 0.28683 0.819735 0.515669 0.577894 0.740221 0.668132 0.600157 0.110356 0.500983 0.803167 0.406148 1 
0.5 0.460134 0.971583 0.178338 0.803608 0.431458 0.992958 0.148918 0.307281 0.5582 0.028268 0.965166 0.888717 0.958804 0.0581514 1 
0.5 0.29672 0.656846 0.498081 0.320386 0.0431807 0.470247 0.719941 0.87434 0.448268 0.456379 0.819976 0.276451 0.114442 0.710155 1 
0.5 0.133306 0.342109 0.817823 0.837165 0.654904 0.947536 0.290965 0.441399 0.338336 0.884489 0.674786 0.664185 0.270079 0.362158 1 
0.5 0.969892 0.0273729 0.137566 0.353943 0.266627 0.424825 0.861989 0.00845883 0.228404 0.3126 0.529595 0.0519188 0.425717 0.014161 1 
0.5 0.806478 0.712636 0.457309 0.870721 0.87835 0.902114 0.433013 0.575518 0.118472 0.74071 0.384405 0.439653 0.581354 0.666164 1 
0.5 0.643064 0.3979 0.777052 0.387499 0.490073 0.379403 0.00403708 0.142578 0.00854028 0.168821 0.239215 0.827387 0.736992 0.318167 1 
0.5 0.47965 0.0831631 0.0967943 0.904277 0.101796 0.856692 0.575061 0.709637 0.898608 0.596931 0.0940254 0.21512 0.89263 0.970171 1 
0.5 0.316236 0.768427 0.416537 0.421055 0.713519 0.333981 0.146085 0.276696 0.788676 0.0250419 0.948835 0.602854 0.0482671 0.622174 1 
0.5 0.152822 0.45369 0.73628 0.937834 0.325242 0.811271 0.717109 0.843756 0.678744 0.453152 0.803645 0.990588 0.203905 0.274177 1 
0.5 0.989407 0.138953 0.0560224 0.454612 0.936965 0.28856 0.288133 0.410815 0.568812 0.881263 0.658455 0.378322 0.359542 0.92618 1 
0.5 0.825993 0.824217 0.375765 0.97139 0.548688 0.765849 0.859157 0.977875 0.45888 0.309374 0.513265 0.766056 0.51518 0.578183 1 
0.5 0.662579 0.50948 0.695508 0.488168 0.160411 0.243138 0.43018 0.544934 0.348948 0.737484 0.368075 0.15379 0.670817 0.230187 1 
0.5 0.499165 0.194744 0.0152505 0.00494646 0.772134 0.720427 0.00120432 0.111993 0.239016 0.165595 0.222885 0.541524 0.826455 0.88219 1 
0.5 0.335751 0.880007 0.334993 0.521725 0.383857 0.197716 0.572228 0.679053 0.129084 0.593705 0.0776951 0.929258 0.982093 0.534193 1 
0.5 0.172337 0.56527 0.654736 0.0385028 0.99558 0.675005 0.143252 0.246112 0.0191521 0.0218157 0.932505 0.316992 0.13773 0.186196 1 
0.5 0.00892273 0.250534 0.974479 0.555281 0.607303 0.152294 0.714276 0.813171 0.90922 0.449926 0.787315 0.704726 0.293368 0.838199 1 
0.5 0.845509 0.935797 0.294221 0.0720592 0.219026 0.629583 0.2853 0.380231 0.799288 0.878037 0.642125 0.0924594 0.449005 0.490202 1 
0.5 0.682095 0.621061 0.613964 0.588837 0.830749 0.106872 0.856324 0.94729 0.689356 0.306147 0.496935 0.480193 0.604643 0.142206 1 
0.5 0.51868 0.306324 0.933707 0.105616 0.442472 0.584161 0.427348 0.51435 0.579424 0.734258 0.351745 0.867927 0.76028 0.794209 1 
0.5 0.355266 0.991588 0.253449 0.622394 0.054195 0.0614501 0.998372 0.081409 0.469492 0.162369 0.206555 0.255661 0.915918 0.446212 1 
0.5 0.191852 0.676851 0.573192 0.139172 0.665918 0.538739 0.569395 0.648468 0.35956 0.590479 0.0613648 0.643395 0.0715556 0.0982152 1 
0.5 0.028438 0.362114 0.892935 0.65595 0.277641 0.0160283 0.140419 0.215528 0.249628 0.0185896 0.916175 0.0311288 0.227193 0.750218 1 
0.5 0.865024 0.0473778 0.212678 0.172728 0.889364 0.493317 0.711443 0.782587 0.139696 0.4467 0.770985 0.418863 0.382831 0.402222 1 
0.5 0.70161 0.732641 0.53242 0.689507 0.501087 0.970606 0.282467 0.349647 0.0297639 0.874811 0.625795 0.806597 0.538468 0.0542248 1 
0.5 0.538196 0.417905 0.852163 0.206285 0.11281 0.447895 0.853491 0.916706 0.919832 0.302921 0.480605 0.194331 0.694106 0.706228 1 
0.5 0.374782 0.103168 0.171906 0.723063 0.724533 0.925184 0.424515 0.483765 0.8099 0.731032 0.335415 0.582064 0.849743 0.358231 1 
0.5 0.211367 0.788431 0.491648 0.239841 0.336256 0.402474 0.995539 0.0508247 0.699968 0.159142 0.190225 0.969798 0.00538102 0.0102344 1 
0.5 0.0479534 0.473695 0.811391 0.756619 0.947979 0.879763 0.566563 0.617884 0.590036 0.587253 0.0450346 0.357532 0.161019 0.662238 1 
0.5 0.884539 0.158958 0.131134 0.273398 0.559702 0.357052 0.137587 0.184943 0.480104 0.0153635 0.899845 0.745266 0.316656 0.314241 1 
0.5 0.721125 0.844222 0.450876 0.790176 0.171425 0.834341 0.70861 0.752003 0.370172 0.443474 0.754654 0.133 0.472294 0.966244 1 
0.5 0.557711 0.529485 0.770619 0.306954 0.783148 0.31163 0.279634 0.319062 0.26024 0.871585 0.609464 0.520734 0.627931 0.618247 1 
0.5 0.394297 0.214749 0.0903619 0.823732 0.394871 0.788919 0.850658 0.886122 0.150308 0.299695 0.464274 0.908468 0.783569 0.27025 1 
0.5 0.230883 0.900012 0.410105 0.34051 0.00659417 0.266208 0.421682 0.453181 0.0403757 0.727806 0.319084 0.296202 0.939206 0.922253 1 
0.5 0.0674687 0.585275 0.729847 0.857289 0.618317 0.743497 0.992706 0.0202403 0.930444 0.155916 0.173894 0.683936 0.0948441 0.574257 1 
0.5 0.904055 0.270539 0.04959 0.374067 0.23004 0.220786 0.56373 0.5873 0.820512 0.584027 0.0287043 0.0716694 0.250482 0.22626 1 
0.5 0.74064 0.955802 0.369333 0.890845 0.841763 0.698075 0.134754 0.154359 0.71058 0.0121374 0.883514 0.459403 0.406119 0.878263 1 
0.5 0.577226 0.641066 0.689075 0.407623 0.453486 0.175364 0.705778 0.721418 0.600648 0.440248 0.738324 0.847137 0.561757 0.530266 1 
0.5 0.413812 0.326329 0.00881807 0.924401 0.0652092 0.652653 0.276802 0.288478 0.490716 0.868358 0.593134 0.234871 0.717394 0.182269 1 
0.5 0.250398 0.0115924 0.328561 0.44118 0.676932 0.129942 0.847826 0.855537 0.380784 0.296469 0.447944 0.622605 0.873032 0.834273 1 
0.5 0.086984 0.696856 0.648303 0.957958 0.288655 0.607231 0.418849 0.422597 0.270852 0.72458 0.302754 0.0103389 0.0286695 0.486276 1 
0.5 0.92357 0.382119 0.968046 0.474736 0.900378 0.0845203 0.989873 0.989656 0.16092 0.15269 0.157564 0.398073 0.184307 0.138279 1 
0.5 0.760156 0.0673827 0.287789 0.991514 0.512101 0.561809 0.560897 0.556715 0.0509876 0.580801 0.012374 0.785807 0.339945 0.790282 1 
0.5 0.596742 0.752646 0.607532 0.508292 0.123824 0.0390984 0.131921 0.123775 0.941056 0.00891128 0.867184 0.173541 0.495582 0.442285 1 
0.5 0.433328 0.43791 0.927274 0.0250705 0.735547 0.516387 0.702945 0.690834 0.831124 0.437022 0.721994 0.561274 0.65122 0.0942886 1 
0.5 0.269913 0.123173 0.247017 0.541849 0.34727 0.993677 0.273969 0.257894 0.721192 0.865132 0.576804 0.949008 0.806857 0.746292 1 
0.5 0.106499 0.808436 0.56676 0.0586269 0.958993 0.470966 0.844993 0.824953 0.611259 0.293243 0.431614 0.336742 0.962495 0.398295 1 
0.5 0.943085 0.4937 0.886502 0.575405 0.570716 0.948255 0.416017 0.392012 0.501327 0.721354 0.286424 0.724476 0.118133 0.0502982 1 
0.5 0.779671 0.178963 0.206245 0.0921833 0.182439 0.425544 0.987041 0.959072 0.391395 0.149464 0.141234 0.11221 0.27377 0.702301 1 
0.5 0.616257 0.864227 0.525988 0.608962 0.794162 0.902833 0.558064 0.526131 0.281463 0.577575 0.996044 0.499944 0.429408 0.354305 1 
0.5 0.452843 0.54949 0.84573 0.12574 0.405885 0.380122 0.129088 0.0931905 0.171531 0.00568517 0.850854 0.887678 0.585045 0.00630772 1 
0.5 0.289429 0.234753 0.165473 0.642518 0.0176085 0.857411 0.700112 0.66025 0.0615994 0.433796 0.705664 0.275412 0.740683 0.658311 1 
0.5 0.126015 0.920017 0.485216 0.159296 0.629331 0.3347 0.271136 0.227309 0.951667 0.861906 0.560474 0.663146 0.89632 0.310314 1 
0.5 0.962601 0.60528 0.804959 0.676074 0.241054 0.811989 0.84216 0.794369 0.841735 0.290017 0.415284 0.0508795 0.051958 0.962317 1 
0.5 0.799186 0.290544 0.124701 0.192852 0.852777 0.289278 0.413184 0.361428 0.731803 0.718127 0.270094 0.438613 0.207596 0.61432 1 
0.5 0.635772 0.975807 0.444444 0.709631 0.464501 0.766567 0.984208 0.928487 0.621871 0.146238 0.124903 0.826347 0.363233 0.266324 1 
0.5 0.472358 0.661071 0.764187 0.226409 0.0762235 0.243856 0.555232 0.495547 0.511939 0.574349 0.979713 0.214081 0.518871 0.918327 1 
0.5 0.308944 0.346334 0.0839294 0.743187 0.687947 0.721145 0.126256 0.0626062 0.402007 0.00245905 0.834523 0.601815 0.674508 0.57033 1 
0.5 0.14553 0.0315973 0.403672 0.259965 0.29967 0.198434 0.697279 0.629666 0.292075 0.43057 0.689333 0.989549 0.830146 0.222333 1 
0.5 0.982116 0.716861 0.723415 0.776743 0.911393 0.675723 0.268303 0.196725 0.182143 0.85868 0.544143 0.377283 0.985783 0.874336 1 
0.5 0.818702 0.402124 0.0431575 0.293522 0.523116 0.153012 0.839327 0.763784 0.0722112 0.286791 0.398953 0.765017 0.141421 0.52634 1 
0.5 0.655288 0.0873876 0.3629 0.8103 0.134839 0.630301 0.410351 0.330844 0.962279 0.714901 0.253763 0.152751 0.297059 0.178343 1 
0.5 0.491874 0.772651 0.682643 0.327078 0.746562 0.10759 0.981375 0.897903 0.852347 0.143012 0.108573 0.540485 0.452696 0.830346 1 
0.5 0.328459 0.457914 0.00238563 0.843856 0.358285 0.58488 0.552399 0.464962 0.742415 0.571122 0.963383 0.928218 0.608334 0.482349 1 
0.5 0.165045 0.143178 0.322128 0.360634 0.970008 0.0621686 0.123423 0.0320219 0.632483 0.999233 0.818193 0.315952 0.763971 0.134352 1 
0.5 0.00163115 0.828441 0.641871 0.877413 0.581731 0.539458 0.694447 0.599081 0.522551 0.427343 0.673003 0.703686 0.919609 0.786356 1 
0.5 0.838217 0.513705 0.961614 0.394191 0.193454 0.0167467 0.265471 0.166141 0.412619 0.855454 0.527813 0.0914201 0.0752464 0.438359 1 
0.5 0.674803 0.198968 0.281356 0.910969 0.805177 0.494036 0.836495 0.7332 0.302687 0.283565 0.382623 0.479154 0.230884 0.0903619 1 
0.5 0.511389 0.884232 0.601099 0.427747 0.4169 0.971325 0.407518 0.300259 0.192755 0.711675 0.237433 0.866888 0.386522 0.742365 1 
0.5 0.347975 0.569495 0.920842 0.944525 0.0286227 0.448614 0.978542 0.867319 0.082823 0.139786 0.0922429 0.254622 0.542159 0.394368 1 
